00000000000000000000000000000000000000000000000000
00000000000000000000000000000000000000000000000000
00000000000000000000000000000000000000000000000000
00000000000000000000000000000000000000000000000000
00000000000000000000000000000000000000000000000000
00000000000000000000000000000000000000000000000000
00000000000000000000000000000000000000000000000000
00000000000000000000000000000000000000000000000000
00000000000000000000000000000000000000000000000000
00000000000000000000000000000000000000000000000000
00000000000000000000000000000000000000000000000000
11000000000000000000000000000000000000000000000000
11000000000000000000000110000000000000000000000000
00000000000000000000000011100000000000000000000000
00000000000000000000000011110000000000111110000000
00000000000000000000000001110000000001111111100000
00000000000000011111000000100000000011000011110000
00000000000011111101110000000000001110000001110000
00000000000011110000111000011000001110000011110000
00000000001111110000011110011000000111101111100000
00000000001011111000011111100000000011111111110000
00000000001011111110111110000000000000111000000000
00000000001111111111111100000000000000000000000000
00000000000111110000110000000000000000000000000000
00000000000000010000000000000000000000000000000000
00000000000000000000000000000000000000000000000000
00000000000000000000000000000000000000000000000000
00000000000000000000000000000110000000000000000000
00000000000000000000000000000111000000000000000000
00000000000000000000000000001111100000000000000000
00000000000000000000000000000000000000000000000000
00000000000000000000000000000000000000000000000000
00000000000000000000000000000000000000000000000000
00000000000000000000000000000000000000000000000000
00000000000000000000000000000000000000000000000000
00000000000000000000000000000000000000000000000000
00000000000000000000000000000001100000000000000000
00000000000000000000000000000000000000000000000000
00000000000000000000000000000000000000000000000000
00000000000000000000000000000000000000000000000000
00000000000000000000000000000000000000000000000000
00000000000000000000000000000000000000000000000000
00000000000000000000000000000000000000000000000000
00000000000000000000000000000000000000000000000000
00000000000000000000000000000000000000000000000000
00000000000000000000000000000000000000000000000000
00000000000000000000000000000000000000000000000000
00000000000000000000000000000000000000000000000000
00000000000000000000000000000000000000000000000000
00000000000000000000000000000000000000000000000000
